==KNN 1+1 score==
accuracy_score = 	0.49149691884974644
recall_score = 		0.9768638034890088
precision_score = 	0.49027126596235454
f1_score = 		0.6528754762687975

==KNN 1+2 score==
accuracy_score = 	0.4125204534673624
recall_score = 		0.9789171746145572
precision_score = 	0.4087415004872419
f1_score = 		0.576689472683666

==KNN 2+1 score==
accuracy_score = 	0.33879316703619977
recall_score = 		0.9834609993806839
precision_score = 	0.3329471042752246
f1_score = 		0.4974756551589958

==KNN 2+2 score==
accuracy_score = 	0.298924883374424
recall_score = 		0.9845953257928877
precision_score = 	0.2931464839579977
f1_score = 		0.4517824425482908
